333
770
857
1362
1628
1676
2033
2253
2259
2799
2833
3115
3389
3398
3538
3931
4002
4019
4252
4606
5083
5332
5407
5794
5854
5973
5993
6392
6459
6638
6927
7057
7207
7214
7657
7910
8008
8286
8352
8735
9325
9413
9577
9655
9856
9975
10008
10055
10210
10315
10341
10360
10537
10845
10872
10961
11235
11338
11588
11895
11926
12170
12204
12505
12815
13189
13312
13325
13421
13619
13628
13632
13686
13827
14216
14469
14935
15273
15348
15806
15832
16302
16513
16738
16744
17170
17597
17818
18350
18366
18557
18667
18805
19035
19158
19290
19365
19522
19765
19908
19921
20180
20341
20401
20657
20776
20807
20872
21312
21347
21456
21744
21898
21969
22412
22626
23404
23462
23736
23754
24052
24129
24214
24477
24530
24535
24888
25149
25322
25747
25852
25887
25903
25990
26280
26467
26754
26828
27245
27287
27421
27467
27488
27548
27593
27671
28314
28438
28447
28490
28578
28607
28996
29002
29335
29376
29419
30910
30930
31259
31266
31451
31461
31726
31976
32199
32208
32222
32234
32259
32274
32485
32584
32693
32958
33503
33560
33760
33776
33886
34008
34174
34184
34257
34661
34721
35013
35089
35210
35570
35764
35963
36579
37107
37217
37497
37689
37895
38144
38295
38406
38523
39384
39635
40051
40095
40112
40227
40495
40600
40672
40768
40877
41530
41759
41825
41942
41957
42072
42130
42210
42700
42926
43055
43311
43452
43466
43616
43802
43890
44348
44404
44462
44850
45201
45265
45527
45585
45634
45854
46004
46216
46555
46564
46744
47056
47218
47254
47353
47692
47716
47929
48005
48151
48546
48616
49240
49602
49724
49743
49811
49972
50316
50727
50811
51219
51505
51580
51826
51943
52227
52429
52443
52502
52705
52732
52738
52776
52813
52945
53429
53509
53742
53848
54496
54592
54722
54773
54928
55410
55465
55607
55634
56124
56503
56525
56552
56795
57323
57363
57808
57877
58018
58053
58074
58209
59179
59317
59449
59558
59592
59691
60039
60456
60479
61000
61176
61440
61598
61671
61779
61827
61847
61917
61932
62042
62047
62844
62926
63352
63362
63379
63419
64235
64538
64617
64667
64988
65052
65126
65226
65265
65376
65421
65502
65520
66084
66188
66367
66435
66650
66905
67071
67190
67450
67467
67600
67717
67755
67768
67869
67901
68007
68047
68583
68601
68635
68697
68700
68918
69033
69329
70418
70584
70622
70764
70919
71033
71040
71070
71076
71092
71301
71303
71876
71896
72518
72581
72619
72787
72899
72934
73307
73694
73801
73832
73999
74239
74305
74616
74825
75323
75326
75345
75445
75602
75627
75978
76092
76141
76222
76456
76475
76629
76707
76825
76850
77346
77352
77538
77759
78138
78459
78470
78839
78880
78931
79336
79391
79518
79975
80119
80244
80303
80406
80757
80861
81086
81204
81276
81292
81304
81554
81565
81677
81779
81882
82027
82298
82310
82375
82446
83299
83413
83452
83466
83483
83582
83803
83837
83840
84194
84505
84593
84711
84898
85054
85304
85355
86121
86255
86420
86456
86514
86719
86777
86903
87521
87537
87608
87647
88022
88060
88157
88162
88277
88288
88649
88906
89318
89322
89851
90640
90660
90707
90799
91101
91292
91318
91589
92009
92112
92298
92532
92546
93756
94318
94418
95087
95197
95621
95764
95789
95971
96018
96182
96413
96504
96701
96740
97083
97192
97328
97444
97597
97873
97897
97924
97941
97991
98107
98316
98533
98561
98573
98720
98750
98786
98936
98972
99057
99145
99153
99161
99300
99384
100365
100474
100616
101022
101117
101173
101336
101412
101490
101494
101918
102099
102404
102553
102664
102783
102796
103147
103813
103820
103877
103997
104023
104245
104264
104322
104356
104470
104758
104883
104902
104960
104965
105095
105201
105472
105636
105872
105879
106123
106421
106810
106813
106929
106966
107064
107260
107800
108278
108389
108698
108742
108864
108887
109129
109313
109364
109447
109504
110251
110272
110376
110677
110686
111527
111539
112200
112454
112482
112503
112563
112657
112706
112973
113199
113521
113561
113718
113965
114002
114014
114038
114080
114354
114380
114558
114983
115309
115331
115334
115403
115412
115436
115541
115580
115981
116349
116419
116470
116570
116755
116791
116851
116961
117028
117276
117348
117374
117407
117579
117656
117834
117858
117895
118190
118491
118568
118798
118955
118959
118962
119180
119201
119335
119455
119573
119703
120113
120286
120390
120530
120544
120658
120852
121048
121185
121254
121419
121424
121643
121659
121803
121884
121888
121990
122460
122466
122498
122724
122847
123100
123152
123270
123501
123650
123972
124229
124609
124628
124699
124748
124755
124834
124842
124978
125003
125163
125189
125194
125233
125595
125746
125787
125944
125998
126244
126291
126366
126687
127117
127823
127908
127938
128056
128225
128947
129075
129085
129474
129728
129995
130230
130301
130330
130399
130428
130688
130714
130926
130937
130986
131043
131068
131648
131664
132084
132094
132364
132442
132587
132681
132685
132918
133024
133155
133200
133334
133342
133346
133949
133978
133986
134700
134721
134845
134901
135085
135402
135483
135666
135956
136003
136565
136575
136639
136701
137140
137668
138008
138011
138075
138236
138615
138775
138997
139030
139357
139502
139724
139762
139848
139899
140012
140611
140656
140757
140881
141152
141318
141526
141626
141677
142343
142400
143153
143180
143277
143383
143716
143864
144389
144519
144776
144946
144989
144996
145069
145340
146164
146236
146376
146413
146510
146944
147161
147186
147406
147415
147556
147781
147922
147927
147970
148034
148065
148201
148219
148636
148816
148843
149037
149095
149247
149256
149298
149549
149577
149610
149836
150040
150066
150100
150359
150546
150559
150579
150774
151079
151364
151420
151488
151760
151806
151811
151847
151859
151984
151986
152018
152024
152089
152190
152349
152417
152558
152631
152714
152731
152745
152789
153769
153896
154050
154192
154342
154364
154505
154562
154612
154697
154775
154917
155184
155409
155553
155889
156034
156223
156371
156491
156655
156700
156797
156906
156962
156998
157001
157537
157560
157576
158050
158295
158307
158438
158615
158671
158773
158960
158981
159006
159062
159211
159219
159372
159415
159478
159637
160177
160561
160719
161157
161672
161698
161710
161876
161907
161929
162194
162615
162684
162778
162874
163019
163221
163294
163465
163504
163699
164036
164051
164212
164517
164523
164589
164683
164767
165462
165594
165735
165821
166356
166404
166684
166883
166959
167001
167101
167514
167826
168269
168272
168278
168289
168348
168416
168516
168692
168707
169043
169171
169264
169351
169439
169864
170270
170280
170298
170410
170875
171144
171167
171372
171635
171653
171990
172451
172557
172617
172801
172842
172931
173010
173037
173221
173414
173921
174271
174311
174371
174521
174902
174914
175092
175178
175181
175331
175377
175594
175820
175912
175978
176004
176213
176389
176674
176807
176969
176978
177015
177088
177251
177470
177478
177593
177795
177841
177965
177981
177987
178158
178161
178204
179091
179132
179767
179927
179942
179945
180064
180140
180270
180336
180372
180391
180764
180799
180997
181089
181306
181539
181670
182439
182466
183054
183225
183576
183631
183780
183923
184193
184392
184578
184760
185072
185161
185189
185195
185799
185803
185826
185915
185989
186748
187283
187290
187567
187659
187830
187852
187865
187981
188374
188703
188831
188919
189065
189314
190068
190274
190670
190672
190682
190851
191011
191198
191217
191218
191433
192039
192057
192069
192340
192435
192575
192579
192596
193123
193267
193304
193470
193506
193529
193767
193881
193898
193922
193968
193993
194330
194418
194837
195015
195403
195612
195720
195736
195867
195940
196021
196035
196257
196360
196462
196602
196635
196668
196784
197602
197607
197768
198152
198189
198215
198282
198369
198528
198554
198600
198732
198832
198866
198875
198879
199446
199469
199538
199608
199904
199916
200233
200406
200582
200747
200843
200980
201058
201591
201694
202576
202588
202615
202868
203021
203364
203531
203656
203865
203959
204085
204243
204264
204342
205357
205396
205430
205495
205603
205640
205711
205718
205849
205974
206159
206220
206237
206634
206868
206887
206980
207065
207137
207227
207301
207320
207475
207581
207635
207934
207984
208034
208113
208114
208305
208323
208445
208905
209026
209097
209108
209274
209389
209453
209641
209647
209682
209792
209837
209968
210058
210143
210228
210971
211026
211179
211302
211440
211595
211893
211950
212514
212566
212842
212905
213000
213227
213262
213330
213421
213624
213678
213706
213889
214136
214261
214833
215037
215066
215077
215171
215200
215232
215240
215313
215621
216021
216418
216530
216556
216645
217203
217380
217492
217569
217790
218329
218331
218469
218950
